2G2U  -201.7    22.3  -250.3   224.0   -48.6  -272.7  
2QZ6 -196.5    15.9  -240.3   212.4   -43.7  -256.1  
2HP5 -215.1   -12.8  -228.3   202.3   -13.2  -215.5 
1BUL -237.3 21.0 -273.1 258.3 -35.8 -294.0 
1DY6 -192.2 15.5 -245.4 207.8 -53.2 -261.0 
1GA0 -273.8 -28.2 -291.7 245.6 -17.9 -263.5 
1O7E -195.2 14.5 -204.6 209.6 -9.4 -219.1 
2HP5 -215.5 12.8 -202.3 228.3 13.2 -215.1 
2QZ6 -212.4 -15.9 -256.1 196.5 -43.7 -240.3 
2WZZ -248.3 38.8 -293.1 287.1 -44.8 -331.9 
2ZC7 -195.5 -11.5 -212.1 184.0 -16.6 -200.6 
3GQZ -276.1 -16.2 -241.8 259.9 34.3 -225.6 
4BLM -192.9 -1.3 -209.5 191.6 -16.6 -208.2 
